# GIMP colorrc
# 
# This file holds a list of recently used colors.

(color-history
    (color-rgba 1 0 1 1)
    (color-rgba 1 1 0 1)
    (color-rgba 1 0 0 1)
    (color-rgba 0.75294117647058822 0.75294117647058822 0.75294117647058822 1)
    (color-rgba 0.50196078431372548 0 0 1)
    (color-rgba 0 0 1 1)
    (color-rgba 0 0 0.48235294222831726 1)
    (color-rgba 0.50196075439453125 0.50196075439453125 0 1)
    (color-rgba 1 1 1 1)
    (color-rgba 0 1 1 1)
    (color-rgba 0.50196078431372548 0.50196078431372548 0.50196078431372548 1)
    (color-rgba 0 1 0 1)
    (color-rgba 0 0.50196078431372548 0.50196078431372548 1)
    (color-rgba 0 0 0 1)
    (color-rgba 0.48235294222831726 0.49019607901573181 0.48235294222831726 1)
    (color-rgba 0.74117648601531982 0.7450980544090271 0.74117648601531982 1)
    (color-rgba 0.48235294222831726 0.49019607901573181 0 1)
    (color-rgba 0 0.50196075439453125 0 1)
    (color-rgba 0 0 0.50196075439453125 1)
    (color-rgba 0.27450981736183167 0.72549021244049072 0.61960786581039429 1)
    (color-rgba 0 0 0.0078431377187371254 1)
    (color-rgba 0.13725490868091583 0.364705890417099 0.30980393290519714 1)
    (color-rgba 0 0.60784316062927246 0 1)
    (color-rgba 0.76862752437591553 0.76862752437591553 0.72549021244049072 1)
    (color-rgba 0.7686274509803922 0.7686274509803922 0.7686274509803922 1)
    (color-rgba 0.039215687662363052 0.039215687662363052 0.039215687662363052 1)
    (color-rgba 0.53333336114883423 0 0 1)
    (color-rgba 0.062745101749897003 0.062745101749897003 0.062745101749897003 1)
    (color-rgba 0.12549020349979401 0.12549020349979401 0.12549020349979401 1)
    (color-rgba 0.25098040699958801 0.25098040699958801 0.25098040699958801 1)
    (color-rgba 0.49803924560546875 0.49803924560546875 0.49803924560546875 1)
    (color-rgba 0.37647062540054321 0.37647062540054321 0.37647062540054321 1)
    (color-rgba 0.44313728809356689 0.44313728809356689 0.44313728809356689 1)
    (color-rgba 0.86666673421859741 0.49411767721176147 0.45098042488098145 1)
    (color-rgba 0.70588237047195435 0.35294118523597717 0.3333333432674408 1)
    (color-rgba 0.65490198135375977 0.65490198135375977 0.65490198135375977 1)
    (color-rgba 0.68235296010971069 0.31372550129890442 0.34509804844856262 1)
    (color-rgba 0.61176472902297974 0.14117647707462311 0.20000001788139343 1)
    (color-rgba 0.76862752437591553 0.52941179275512695 0.54509806632995605 1)
    (color-rgba 0.729411780834198 0.40392160415649414 0.41568630933761597 1)
    (color-rgba 0.79215693473815918 0.79215693473815918 0.79215693473815918 1)
    (color-rgba 0.86274516582489014 0.86274516582489014 0.86274516582489014 1)
    (color-rgba 0.4901961088180542 0.43137258291244507 0.43921571969985962 1)
    (color-rgba 0.88627457618713379 0.88627457618713379 0.88627457618713379 1)
    (color-rgba 0.83921575546264648 0.83921575546264648 0.83921575546264648 1)
    (color-rgba 0.69803923368453979 0.69803923368453979 0.69803923368453979 1)
    (color-rgba 0.67058825492858887 0.66274511814117432 0.66274511814117432 1)
    (color-rgba 0.65882354974746704 0.62745100259780884 0.62745100259780884 1)
    (color-rgba 0.66666668653488159 0.59607845544815063 0.59215688705444336 1)
    (color-rgba 0.87450987100601196 0.87450987100601196 0.87450987100601196 1)
    (color-rgba 0.90196084976196289 0.89019614458084106 0.89019614458084106 1)
    (color-rgba 0.91372555494308472 0.91372555494308472 0.91372555494308472 1)
    (color-rgba 0.90980398654937744 0.90980398654937744 0.90980398654937744 1)
    (color-rgba 0.83529418706893921 0.83529418706893921 0.83529418706893921 1)
    (color-rgba 0.75 0.75 0.75 1)
    (color-rgba 0.5 0.5 1 1)
    (color-rgba 0.97254908084869385 0.98823535442352295 0.97254908084869385 1)
    (color-rgba 0.5 0.5 0.5 1)
    (color-rgba 1 0.3333333432674408 1 1)
    (color-rgba 0.25098040699958801 0.25098040699958801 1 1)
    (color-rgba 0.25 0.25 1 1)
    (color-rgba 1 1 0.53731343283582089 1)
    (color-rgba 0.75294117647058822 0.75294117647058822 0 1)
    (color-rgba 0.24705883860588074 0.24705883860588074 0.24705883860588074 1)
    (color-rgba 1 0 1 4.6677779492698743e-310)
    (color-rgba 0 0 1 4.6677779492698743e-310)
    (color-rgba 1 0.27058824896812439 0 1)
    (color-rgba 0.83137261867523193 0.84313732385635376 0.85098046064376831 1)
    (color-rgba 1 0.21960785984992981 0 1)
    (color-rgba 1 0.21960785984992981 0.5058823823928833 1)
    (color-rgba 0.14117647707462311 0.31372550129890442 0.64313727617263794 1)
    (color-rgba 0.58039218187332153 0.70196080207824707 1 1)
    (color-rgba 0.31764706969261169 0.91372555494308472 0.95686280727386475 1)
    (color-rgba 0.08235294371843338 0.12156862765550613 0.16862745583057404 1)
    (color-rgba 0.019607843831181526 0.094117648899555206 0.22352941334247589 1)
    (color-rgba 0.47888642549514771 0.96799325942993164 0.39179378747940063 1)
    (color-rgba 0 0.63921570777893066 0.40784317255020142 1)
    (color-rgba 0.45098042488098145 0.51372551918029785 0.5372549295425415 1)
    (color-rgba 0.20784315466880798 0.20784315466880798 0.20392158627510071 1)
    (color-rgba 0.87058830261230469 0.91372555494308472 0.94117653369903564 1)
    (color-rgba 0.34117648005485535 0.3490196168422699 0.35294118523597717 1)
    (color-rgba 0.458823561668396 0.50980395078659058 0.53333336114883423 1)
    (color-rgba 0.53333336114883423 0.48235297203063965 0.45490199327468872 1)
    (color-rgba 0.38823533058166504 0.35686275362968445 0.30980393290519714 1)
    (color-rgba 0.25882354378700256 0.23137256503105164 0.18823531270027161 1)
    (color-rgba 0.38823533058166504 0.35686275362968445 0.31372550129890442 1)
    (color-rgba 0.27058824896812439 0.24313727021217346 0.19607844948768616 1)
    (color-rgba 0.4901961088180542 0.44705885648727417 0.41960787773132324 1)
    (color-rgba 0.070588238537311554 0.070588238537311554 0.070588238537311554 1)
    (color-rgba 1 0.070588238537311554 0.070588238537311554 1)
    (color-rgba 0.027450980618596077 0.0039215688593685627 0.42352941632270813 1)
    (color-rgba 1 0.43137258291244507 0.90196084976196289 1)
    (color-rgba 1 0 0.8275863117185196 1)
    (color-rgba 1 0.43010752688172038 0.90322580645161277 1)
    (color-rgba 0.078431375324726105 0.078431375324726105 0.078431375324726105 1)
    (color-rgba 0.22745099663734436 0.22352942824363708 0.22745099663734436 1)
    (color-rgba 0.55294120311737061 0.54509806632995605 0.55294120311737061 1)
    (color-rgba 0.019607843831181526 0.019607843831181526 0.019607843831181526 1)
    (color-rgba 0.56862747669219971 0.56078433990478516 0.55294120311737061 1)
    (color-rgba 0.0078431377187371254 0.0078431377187371254 0.0078431377187371254 1)
    (color-rgba 0.20392158627510071 0.20392158627510071 0.20784315466880798 1)
    (color-rgba 0.56078433990478516 0.56078433990478516 0.56862747669219971 1)
    (color-rgba 0.55686277151107788 0.55686277151107788 0.56470590829849243 1)
    (color-rgba 0.55686277151107788 0.54901963472366333 0.55294120311737061 1)
    (color-rgba 0.97254902124404907 0.086274512112140656 0 1)
    (color-rgba 0.78039222955703735 0.81568634510040283 0.81176477670669556 1)
    (color-rgba 0.7803921568627451 0.81568627450980391 0.81176470588235294 4.6356301812228425e-310)
    (color-rgba 0.41568630933761597 0.19607844948768616 0.13725490868091583 1)
    (color-rgba 0.78431379795074463 0.59607845544815063 0.51764708757400513 1)
    (color-rgba 0.58039218187332153 0.43529415130615234 0.38039219379425049 1)
    (color-rgba 0.19215688109397888 0.12941177189350128 0.12941177189350128 1)
    (color-rgba 0.88235300779342651 0.72549021244049072 0.58823531866073608 1))

# end of colorrc
